# Reflective grey sphere
sphere {
  0.0 0.0 0.0
  0.5
  1.0 0.0 0.0
  2000
  1.0
}

sphere {
  0.5 0.0 -1.5
  0.5
  0.0 1.0 0.0
  2000
  1.0
}

# Blue pyramid
triangle {
  -0.4 -2.75 -9.55
  -0.93 0.55 -8.51
  0.11 -2.75 -7.98
  0.1 0.8 0.9
  500
  0.4
}
triangle {
  0.11 -2.75 -7.98
  -0.93 0.55 -8.51
  -1.46 -2.75 -7.47
  0.1 0.8 0.9
  500
  0.4
}
triangle {
  -1.46 -2.75 -7.47
  -0.93 0.55 -8.51
  -1.97 -2.75 -9.04
  0.1 0.8 0.9
  500
  0.4
}
triangle {
  -1.97 -2.75 -9.04
  -0.93 0.55 -8.51
  -0.4 -2.75 -9.55
  0.1 0.8 0.9
  500
  0.4
}